1.555426324379850586e+13
1.555941241313205469e+13
1.556328133381637695e+13
1.556568956907460742e+13
1.556749757164707031e+13
1.556762954382036719e+13
1.556699653420736523e+13
1.556552023831364453e+13
1.556304891598500586e+13
1.555912115133548047e+13
1.555428765078755664e+13
1.554868725200309961e+13
1.554153390487566602e+13
1.553351699600737891e+13
1.552479172398775000e+13
1.551514059756905664e+13
1.550559461682856445e+13
1.549319653017308594e+13
1.548098640110233984e+13
1.546815373277165430e+13
1.545344171333099023e+13
1.543912516747257812e+13
1.542357698390895898e+13
1.540737719638272070e+13
1.538985562886968359e+13
1.537175881083465625e+13
1.535396478580692383e+13
1.533394296539779297e+13
1.531331780002063477e+13
1.529298921090191797e+13
1.527070482881132617e+13
1.524959529948917188e+13
1.522614305734290625e+13
1.520193688277566602e+13
1.517855551750990039e+13
1.515340764085908594e+13
1.512861311802432617e+13
1.510270147127029297e+13
1.507529941520761719e+13
1.504828735025363477e+13
1.502046688526139062e+13
1.499253899332891602e+13
1.496301683290634961e+13
1.493387732220551758e+13
1.490449352947684375e+13
1.487364524563508008e+13
1.484281035527982812e+13
1.481102225524583984e+13
1.477864700844972070e+13
1.474723618678757812e+13
1.471379532320079883e+13
1.468175737739029883e+13
1.464718719219698438e+13
1.461316027464498242e+13
1.457883353335873828e+13
1.454395449526525195e+13
1.450848077423056836e+13
1.447244055844931445e+13
1.443671778334865430e+13
1.439979953983396094e+13
1.436361447274616602e+13
1.432681897885105273e+13
1.428960784157996094e+13
1.425093511574123438e+13
1.421346519186692578e+13
1.417422736648882617e+13
1.413543200729679297e+13
1.409684189217914062e+13
1.405745319625216992e+13
1.401800122583111719e+13
1.397730827895271289e+13
1.393794452793062891e+13
1.389754769957620898e+13
1.385629943532855469e+13
1.381613852323013281e+13
1.377398268797812500e+13
1.373282947058254688e+13
1.369111284734074414e+13
1.364918652524512500e+13
1.360702325347180859e+13
1.356482274953542188e+13
1.352206491823601172e+13
1.347890110410373242e+13
1.343649521469429883e+13
1.339327016764544727e+13
1.335021555614777344e+13
1.330722000758176758e+13
1.326338990228893945e+13
1.321895631849780859e+13
1.317539223427986328e+13
1.313144887973218945e+13
1.308669073522860547e+13
1.304226330362147070e+13
1.299867447183315234e+13
1.295330898248208789e+13
1.290946231781772461e+13
1.286462641724635156e+13
1.281891949825078711e+13
1.277430507799492383e+13
1.272874675050337305e+13
1.268379988517191406e+13
1.263807250295363672e+13
1.259296090891180078e+13
1.254791295943771484e+13
1.250123591401974609e+13
1.245604836764270117e+13
1.241056804245558984e+13
1.236421207579075195e+13
1.231810091777110156e+13
1.227320325738875195e+13
1.222675715314107227e+13
1.218158723760752734e+13
1.213423225758631250e+13
1.208865185990074609e+13
1.204280646786830664e+13
1.199608572473649219e+13
1.194920097649454102e+13
1.190223112748471680e+13
1.185709617749068750e+13
1.181063193905520312e+13
1.176466211514940820e+13
1.171760344326294141e+13
1.167217732079944922e+13
1.162522892183795117e+13
1.157879811205266602e+13
1.153244550023329688e+13
1.148652395531243359e+13
1.144028686224997461e+13
1.139355968126407812e+13
1.134719824065560547e+13
1.130149555235184375e+13
1.125473131231878125e+13
1.120782494473819336e+13
1.116267584404213281e+13
1.111580096712054883e+13
1.107021721130983398e+13
1.102361463545047461e+13
1.097636597811672852e+13
1.093209585637852344e+13
1.088508685010130859e+13
1.083910591455058203e+13
1.079302595873585156e+13
1.074713487802521289e+13
1.070196607384744141e+13
1.065529523607543164e+13
1.061057051410955469e+13
1.056387044643713281e+13
1.051830278963555273e+13
1.047256265528828320e+13
1.042709162494953711e+13
1.038293617389050781e+13
1.033627688893707031e+13
1.029087382725403125e+13
1.024575487295130469e+13
1.020057015981595703e+13
1.015517032320351562e+13
1.011094306953254102e+13
1.006544048549399219e+13
1.002032207593242578e+13
9.976277407277761719e+12
9.930868230282402344e+12
9.886701548925785156e+12
9.842105567962390625e+12
9.796813881615691406e+12
9.752762042412533203e+12
9.708335368673310547e+12
9.664669769655894531e+12
9.620470704888343750e+12
9.575529440811537109e+12
9.531962152851160156e+12
9.487850996840861328e+12
9.445046484165906250e+12
9.400305020031623047e+12
9.357199472997585938e+12
9.313514727551210938e+12
9.270712218584800781e+12
9.227448556283964844e+12
9.183605318614759766e+12
9.141367465789353516e+12
9.098155443372156250e+12
9.055501860150042969e+12
9.012623625894597656e+12
8.969985276015410156e+12
8.927064291447335938e+12
8.884591422206314453e+12
8.842637866290025391e+12
8.800506124313769531e+12
8.758770672977388672e+12
8.715984908910186523e+12
8.674649349666877930e+12
8.632772829802460938e+12
8.591538397888151367e+12
8.550433542844197266e+12
8.508247124482043945e+12
8.467378688491708008e+12
8.426043411011898438e+12
8.384819745946945312e+12
8.344578112394646484e+12
8.304351143476677734e+12
8.263266239008098633e+12
8.223295644902447266e+12
8.182756757792627930e+12
8.142103867615022461e+12
8.102604284627212891e+12
8.062205013637520508e+12
8.022471244260884766e+12
7.982890362237819336e+12
7.942934005032916016e+12
7.903113616602830078e+12
7.863595157049426758e+12
7.824697704635348633e+12
7.786569680702844727e+12
7.746533912955038086e+12
7.708201952226951172e+12
7.668996552270247070e+12
7.630339449625765625e+12
7.592675280504944336e+12
7.554321333545264648e+12
7.515823077546608398e+12
7.477775460776600586e+12
7.439855180784931641e+12
7.402806058461971680e+12
7.363934936472007812e+12
7.327576633617875000e+12
7.289886413849686523e+12
7.252284887716589844e+12
7.215982518458910156e+12
7.178424821887366211e+12
7.142056691925233398e+12
7.105639161872753906e+12
7.068887421391313477e+12
7.032247194766625977e+12
6.996023686158366211e+12
6.959887179546849609e+12
6.923732710660636719e+12
6.888189651700198242e+12
6.852733535537468750e+12
6.816661560674843750e+12
6.781303478365706055e+12
6.745927587111595703e+12
6.711039070175196289e+12
6.675877831710026367e+12
6.641458941555229492e+12
6.605899941753210938e+12
6.571862036809781250e+12
6.537656526842205078e+12
6.502409482031836914e+12
6.468425837364898438e+12
6.434517951126121094e+12
6.400723549834021484e+12
6.366680485412491211e+12
6.332682076703257812e+12
6.299167727802687500e+12
6.266299944457922852e+12
6.233092063840103516e+12
6.199698913264698242e+12
6.167376020742317383e+12
6.134150423272901367e+12
6.101301390493091797e+12
6.068337691861524414e+12
6.036562657091009766e+12
6.004129411593873047e+12
5.971604840110206055e+12
5.939380731966358398e+12
5.907797085339606445e+12
5.876097390700116211e+12
5.844513694828947266e+12
5.813193189062265625e+12
5.781743795057559570e+12
5.750153115253284180e+12
5.719259960336782227e+12
5.688646747224720703e+12
5.657685766045249023e+12
5.627282142870367188e+12
5.596429413567916016e+12
5.566303738465109375e+12
5.535914126998920898e+12
5.505895734307816406e+12
5.475390513039637695e+12
5.445712771727641602e+12
5.416053087756991211e+12
5.387283993538350586e+12
5.357064412765186523e+12
5.327794674828490234e+12
5.298561686466479492e+12
5.269667802364464844e+12
5.240215210319578125e+12
5.211947851531061523e+12
5.182774999019293945e+12
5.154119375017216797e+12
5.126353472907608398e+12
5.098244931022595703e+12
5.069244089231135742e+12
5.041603067144601562e+12
5.013823828095088867e+12
4.986299091239833984e+12
4.958417719969358398e+12
4.930821192009973633e+12
4.903217062921877930e+12
4.876177555450277344e+12
4.849385446247700195e+12
4.822077395108801758e+12
4.795692383122397461e+12
4.768349341735636719e+12
4.741787526085798828e+12
4.715480767818879883e+12
4.688997729727884766e+12
4.663211214738776367e+12
4.636648309001947266e+12
4.610341113743190430e+12
4.584730675385634766e+12
4.558836591282203125e+12
4.533876534807704102e+12
4.508381077827843750e+12
4.482311022166762695e+12
4.457082978081902344e+12
4.432243044884557617e+12
4.407480484221264648e+12
4.382641971899080078e+12
4.357442830062755371e+12
4.332496804390298828e+12
4.308449344884692383e+12
4.284324838874916992e+12
4.259623978704957520e+12
4.235763484509618652e+12
4.211414665951159180e+12
4.187663708113449219e+12
4.163574844948299805e+12
4.140121349534168945e+12
4.116451302926605469e+12
4.092979540494773438e+12
4.069465724413940430e+12
4.046672052522766113e+12
4.023150176992059082e+12
4.000207220491012695e+12
3.977182519715547363e+12
3.954550136635618652e+12
3.931929303975869629e+12
3.909529197627702637e+12
3.887005951561305176e+12
3.864821290180938965e+12
3.842517015496185059e+12
3.820224132163744629e+12
3.798145973422751953e+12
3.776340096286049316e+12
3.754662462062919434e+12
3.733258880061993164e+12
3.711481236725042480e+12
3.690632274333031738e+12
3.668590415102058105e+12
3.647974212241744141e+12
3.626191508282822754e+12
3.605551989689495117e+12
3.584416286792335449e+12
3.564303851776272949e+12
3.543317364924630859e+12
3.522815088292237305e+12
3.502703967314854980e+12
3.481541076236985840e+12
3.461645182782730469e+12
3.441056957000859863e+12
3.421542973340204590e+12
3.401507938507250488e+12
3.381721055497393555e+12
3.362366824483482422e+12
3.342240700092294434e+12
3.322891738459477539e+12
3.303499477971066895e+12
3.284610007095149414e+12
3.265498275777689453e+12
3.245860573254942383e+12
3.227148639753517090e+12
3.208114982909547363e+12
3.189232452742180176e+12
3.170762853345895020e+12
3.152090534318269531e+12
3.133411049550291016e+12
3.114963778153399414e+12
3.096577697119789551e+12
3.078477531479023926e+12
3.059900738094833008e+12
3.042534589804270020e+12
3.024312782416149902e+12
3.006583153916904297e+12
2.988527629335976074e+12
2.971198122237255859e+12
2.953506911356204102e+12
2.935964636835610352e+12
2.918812043465974609e+12
2.901543150425509277e+12
2.884280238996069336e+12
2.867149132156925293e+12
2.850338425883297363e+12
2.833300474692242188e+12
2.816560216663237793e+12
2.799754280653009277e+12
2.783304826573998535e+12
2.766364848678701660e+12
2.749822731470851562e+12
2.733385554757682129e+12
2.718027894823981445e+12
2.701410732999971680e+12
2.684981334965495117e+12
2.669198846377841797e+12
2.653359253406432129e+12
2.638107150658566895e+12
2.621939042266203613e+12
2.606002631290867676e+12
2.590232350540830078e+12
2.574944550420670898e+12
2.559524430792571777e+12
2.544191638626726074e+12
2.529225980275642578e+12
2.514185285250595703e+12
2.499182513402292480e+12
2.484026555136237305e+12
2.468918189163589355e+12
2.453817489771566895e+12
2.439575334716374023e+12
2.424898275580604980e+12
2.410302629841543945e+12
2.395961452285884766e+12
2.381590732420370117e+12
2.367321678845128418e+12
2.353027612721940430e+12
2.338340424218622070e+12
2.324617778262597168e+12
2.310866126595290527e+12
2.296421095335442871e+12
2.282790496013796875e+12
2.269116458076670898e+12
2.255607125123054199e+12
2.241851611652269531e+12
2.228193738847930664e+12
2.214590574472604980e+12
2.201194422840552734e+12
2.187707733603112549e+12
2.174967802644998779e+12
2.161471433353612061e+12
2.148374807918955566e+12
2.135322731518307617e+12
2.122485936861026611e+12
2.109548949300156738e+12
2.096669798980808594e+12
2.084309367825674316e+12
2.071381385298347900e+12
2.059064899380839111e+12
2.046183837418735107e+12
2.034349215000650635e+12
2.021491812407843750e+12
2.009124759949104980e+12
1.996566899390011719e+12
1.984571059275522705e+12
1.972530375256582031e+12
1.960635818668584717e+12
1.948548007608837402e+12
1.936704557836877686e+12
1.924756066631301270e+12
1.913211630145387695e+12
1.901519290850733154e+12
1.889963372943578857e+12
1.878454734703783447e+12
1.867049410224672607e+12
1.855565658303696289e+12
1.844287728103581299e+12
1.832695439613383301e+12
1.821653422237213379e+12
1.810505185338253174e+12
1.799349439282788818e+12
1.788228817842807617e+12
1.777462363383315430e+12
1.766330167163415039e+12
1.755403532716515137e+12
1.744727020475064209e+12
1.734389127185582520e+12
1.723437881555153564e+12
1.713105400808834229e+12
1.702044258579406982e+12
1.691939070893752930e+12
1.681250563505288086e+12
1.671071785575617920e+12
1.660866683902725586e+12
1.650370788537555908e+12
1.640305970001616943e+12
1.630132157593398193e+12
1.620464500944610352e+12
1.610159842460100098e+12
1.599973251274433350e+12
1.590343955871059082e+12
1.580666913639714111e+12
1.570865931277818115e+12
1.561001041919955322e+12
1.551567835498783936e+12
1.541658970518447754e+12
1.532222752897829102e+12
1.522502908884405762e+12
1.513438835200394531e+12
1.504334733148570801e+12
1.494540478109515625e+12
1.485640679298697998e+12
1.476263396665485596e+12
