1.040645998429993945e+13
1.051477380404899805e+13
1.062135699604841211e+13
1.072588332014398047e+13
1.082898339060593945e+13
1.093004931621759570e+13
1.102973973389785352e+13
1.112766707612929102e+13
1.122381310064911328e+13
1.131865648404316602e+13
1.141189253811339453e+13
1.150351284539962500e+13
1.159391980894021289e+13
1.168236303343310547e+13
1.176986235783513281e+13
1.185570783905212891e+13
1.193965956632794141e+13
1.202292067332622656e+13
1.210438021377681836e+13
1.218483651192879883e+13
1.226367071043202148e+13
1.234145308728580859e+13
1.241756972051376367e+13
1.249247042313751758e+13
1.256649256383791211e+13
1.263894782044119336e+13
1.271018523800971680e+13
1.278019110300908008e+13
1.284924085197631250e+13
1.291680771831416992e+13
1.298371087967291211e+13
1.304878192017125781e+13
1.311300143294402930e+13
1.317629685812481250e+13
1.323805385367798633e+13
1.329935187549492773e+13
1.335935390593812695e+13
1.341795766256952539e+13
1.347567112845378125e+13
1.353244784764616797e+13
1.358836126784873242e+13
1.364285379167117969e+13
1.369686211217552148e+13
1.374953766111494531e+13
1.380105213635702344e+13
1.385153008614858789e+13
1.390126628503170898e+13
1.395041309446251562e+13
1.399802655672667188e+13
1.404489671528839844e+13
1.409088453674522852e+13
1.413644988355089062e+13
1.418090586069865430e+13
1.422437347050799805e+13
1.426708766158648047e+13
1.430840478673046484e+13
1.434916923115872852e+13
1.438954380465637695e+13
1.442843169858512500e+13
1.446662118226800391e+13
1.450476030513546484e+13
1.454101944026299805e+13
1.457704878041863086e+13
1.461244401521396680e+13
1.464648685247990039e+13
1.468035390759448828e+13
1.471255449384823828e+13
1.474549897619949219e+13
1.477704000260908203e+13
1.480736646290841211e+13
1.483744215265199805e+13
1.486648760157682227e+13
1.489503229878485156e+13
1.492252811710545117e+13
1.494938138704990234e+13
1.497654621822386523e+13
1.500196587811701172e+13
1.502760297666042383e+13
1.505183464265472461e+13
1.507519959860622070e+13
1.509878702007244531e+13
1.512076008656111523e+13
1.514308574119054492e+13
1.516385595954918555e+13
1.518448299338012305e+13
1.520401649362716992e+13
1.522398612842449805e+13
1.524233822158500195e+13
1.526045797215657227e+13
1.527867978349574023e+13
1.529507290631993164e+13
1.531175995916495898e+13
1.532728934790480469e+13
1.534278638109986914e+13
1.535741629283001367e+13
1.537178017138726367e+13
1.538553192387678906e+13
1.539881509125246289e+13
1.541071522308359961e+13
1.542291867861479297e+13
1.543468610209015039e+13
1.544562555401289453e+13
1.545636417298939258e+13
1.546606490075770508e+13
1.547516701999096875e+13
1.548429184988814062e+13
1.549284001276874414e+13
1.550064708314514062e+13
1.550867737125659961e+13
1.551538054693219141e+13
1.552163083774617188e+13
1.552842450832679492e+13
1.553444127314814844e+13
1.553942493005152734e+13
1.554334510286337891e+13
1.554822134966218945e+13
1.555247206055436914e+13
1.555551438518375781e+13
1.555855201757280469e+13
1.556145702268284180e+13
1.556347695222423438e+13
1.556497301809050195e+13
1.556616532667634961e+13
1.556671129656046289e+13
1.556786393663278125e+13
1.556805833876725000e+13
1.556818412219525391e+13
1.556718571349837695e+13
1.556603754463119336e+13
1.556483372815469922e+13
1.556302768743187305e+13
1.556107270264743164e+13
1.555826748261775195e+13
1.555494552147740430e+13
1.555234149856493164e+13
1.554788777519811719e+13
1.554385608509858789e+13
1.554056998115936328e+13
1.553509649009685547e+13
1.553073688194097266e+13
1.552508601552279102e+13
1.552017087328286523e+13
1.551379509003304883e+13
1.550673846783025391e+13
1.550044148580627539e+13
1.549350563662112500e+13
1.548556967791512500e+13
1.547847449670009375e+13
1.547004731963932617e+13
1.546213384275810156e+13
1.545376480888819531e+13
1.544515488005563086e+13
1.543598261888495117e+13
1.542611089408159375e+13
1.541686738085831445e+13
1.540739169614869141e+13
1.539633281050183984e+13
1.538633307100416211e+13
1.537510189671166602e+13
1.536478762547368359e+13
1.535347540494583789e+13
1.534218785970878711e+13
1.532979661915180273e+13
1.531766812167097461e+13
1.530502011721664062e+13
1.529260814681951172e+13
1.528009380976998047e+13
1.526699670527327148e+13
1.525393703242974414e+13
1.524047243551884570e+13
1.522583084552241797e+13
1.521240822367402344e+13
1.519776541092436719e+13
1.518322941281584375e+13
1.516785702490058789e+13
1.515311487973552344e+13
1.513779213237065820e+13
1.512315835395669531e+13
1.510782591540032227e+13
1.509127483038736328e+13
1.507501459116703125e+13
1.505941896322827930e+13
1.504326426198155469e+13
1.502616601603479102e+13
1.500853920387964258e+13
1.499228544805881250e+13
1.497504052756153320e+13
1.495724554756302539e+13
1.494006966062134766e+13
1.492132094299054102e+13
1.490481295994932227e+13
1.488572316750928906e+13
1.486716187355974414e+13
1.484882784203865234e+13
1.483022099488238867e+13
1.481166461257787500e+13
1.479207348140119727e+13
1.477276438189608789e+13
1.475377268690682812e+13
1.473361753888340625e+13
1.471468353818735156e+13
1.469526772418195508e+13
1.467490443770197461e+13
1.465446979177596680e+13
1.463392910847566016e+13
1.461374580655580273e+13
1.459292668688041016e+13
1.457113473387641016e+13
1.455090280132591406e+13
1.453027680322051758e+13
1.450789017941059180e+13
1.448708740123355859e+13
1.446575161247504297e+13
1.444448441310374805e+13
1.442235197038372461e+13
1.440031213745606055e+13
1.437844392706797461e+13
1.435633116430740430e+13
1.433423785075184766e+13
1.431178323210336133e+13
1.428987262133946875e+13
1.426620116492848047e+13
1.424346154023090234e+13
1.422017043956530469e+13
1.419786851797462891e+13
1.417423344102431250e+13
1.415101688223865234e+13
1.412763889848828125e+13
1.410420436702104102e+13
1.408104656915351367e+13
1.405695040266360156e+13
1.403305357043688477e+13
1.400938686066886719e+13
1.398569563620063086e+13
1.396110375474120312e+13
1.393743171069604297e+13
1.391256725356743164e+13
1.388876821121765039e+13
1.386397597456346875e+13
1.384097749453325195e+13
1.381574001528424023e+13
1.379040206055046094e+13
1.376602721921218945e+13
1.374136209821574219e+13
1.371615020886626758e+13
1.369120689850606836e+13
1.366616486548464844e+13
1.364104405956578516e+13
1.361567723612854297e+13
1.359003713574653320e+13
1.356461186880795898e+13
1.353974635916008203e+13
1.351434768046315625e+13
1.348773595985221875e+13
1.346244448404626367e+13
1.343681238216064453e+13
1.341122634436961523e+13
1.338465041179318164e+13
1.335926747829782031e+13
1.333229987490508203e+13
1.330610238918139062e+13
1.328082458607176172e+13
1.325412466724008008e+13
1.322834509846250586e+13
1.320186004129458008e+13
1.317669353838518945e+13
1.314866402488488281e+13
1.312204067630357227e+13
1.309621903861073242e+13
1.306932313168209570e+13
1.304233073193631250e+13
1.301685267723419141e+13
1.299006212678999219e+13
1.296303770636133008e+13
1.293626983235537500e+13
1.290843683401235938e+13
1.288222554910355469e+13
1.285534348014089062e+13
1.282812686409495703e+13
1.280172838399443945e+13
1.277361826440481836e+13
1.274637510213873438e+13
1.272036327452546680e+13
1.269301766883282422e+13
1.266524769950958398e+13
1.263790804285877344e+13
1.261112164379290625e+13
1.258344466739479492e+13
1.255556004168569141e+13
1.252914031888210547e+13
1.250176934258560547e+13
1.247430271092876172e+13
1.244711601312990430e+13
1.241875144943287305e+13
1.239194737106063477e+13
1.236442411744147266e+13
1.233652780540182227e+13
1.230884259624963086e+13
1.228207712770668164e+13
1.225388412990875977e+13
1.222706986522529492e+13
1.219931683044571484e+13
1.217144052598434961e+13
1.214371772023159180e+13
1.211641253073196289e+13
1.208855995565564258e+13
1.206025448784892773e+13
1.203317999723495898e+13
1.200539910929255859e+13
1.197735327470589258e+13
1.194949459664796289e+13
1.192134699220182617e+13
1.189439701696010742e+13
1.186585913764188281e+13
1.183814904595323047e+13
1.181146811330760352e+13
1.178317766073928906e+13
1.175571625378504492e+13
1.172710768297291016e+13
1.169879780049994531e+13
1.167189549977176562e+13
1.164430938529440234e+13
1.161596097306626172e+13
1.158870427366368945e+13
1.156089246998222852e+13
1.153268648651438672e+13
1.150563425098080078e+13
1.147700152626208594e+13
1.144974329087855078e+13
1.142214881133819141e+13
1.139375927555089648e+13
1.136611149358335938e+13
1.133813675273455859e+13
1.130975612614843945e+13
1.128274592067919336e+13
1.125482801452480664e+13
1.122661079993742578e+13
1.119980003179660352e+13
1.117135658035692578e+13
1.114349679614834570e+13
1.111587607271297461e+13
1.108854842285547656e+13
1.106060538870621484e+13
1.103253478734358008e+13
1.100518705626954492e+13
1.097696428119740430e+13
1.094918721141018359e+13
1.092157760525867578e+13
1.089509765413418164e+13
1.086653103312714453e+13
1.083940173515215039e+13
1.081196759334022070e+13
1.078449682985133594e+13
1.075666233110784570e+13
1.072908603199298047e+13
1.070209308573135352e+13
1.067436281054924414e+13
1.064600332812265430e+13
1.061923406705097656e+13
1.059168079459348633e+13
1.056433470846233984e+13
1.053634747874598633e+13
1.050867378157601758e+13
1.048211250149302344e+13
1.045449736587351562e+13
1.042725809169833789e+13
1.039992229356095898e+13
1.037264703266340820e+13
1.034619658528300977e+13
1.031837926916363281e+13
1.029128055856597852e+13
1.026354191638700977e+13
1.023697406762889648e+13
1.020962869384479492e+13
1.018278022149319336e+13
1.015592821648776953e+13
1.012770799124844141e+13
1.010212354135237695e+13
1.007373428514066797e+13
1.004707649394994922e+13
1.002006866143141602e+13
9.993677206369562500e+12
9.966243134983550781e+12
9.939547847015001953e+12
9.914351242050912109e+12
9.885823910251488281e+12
9.859352052856882812e+12
9.832963998620787109e+12
9.806483556839759766e+12
9.780067161400496094e+12
9.752404636961925781e+12
9.726820623545484375e+12
9.700145810642945312e+12
9.673241740689634766e+12
9.646598062027001953e+12
9.619678865028210938e+12
9.592737138652644531e+12
9.567746591606189453e+12
9.540098443836871094e+12
9.514173595781613281e+12
9.487950480369492188e+12
9.461267505468751953e+12
9.435984334726113281e+12
9.409721960125009766e+12
9.383329374862035156e+12
9.356835133435826172e+12
9.331769910117281250e+12
9.304646294856113281e+12
9.278902629647140625e+12
9.252687563184029297e+12
9.227040806836648438e+12
9.201628221075476562e+12
9.175760171511607422e+12
9.149481190656197266e+12
9.123715981253023438e+12
9.097646011306853516e+12
9.071530086904871094e+12
9.046721646423970703e+12
9.020969165172318359e+12
8.995325048988123047e+12
8.970093495691080078e+12
8.944570936096425781e+12
8.919662248750126953e+12
8.893759595311529297e+12
8.868023252256771484e+12
8.841961768826732422e+12
8.817216034556123047e+12
8.792190595871026367e+12
8.767603039511852539e+12
8.741583652494927734e+12
8.716243563735599609e+12
8.690924604156409180e+12
8.666144393033611328e+12
8.641703095104605469e+12
8.616451929851016602e+12
8.591792880203226562e+12
8.566177872936996094e+12
8.542580828562162109e+12
8.516765724082963867e+12
8.491394360564851562e+12
8.467924671276336914e+12
8.442282291750826172e+12
8.417865076152435547e+12
8.393419492730891602e+12
8.368965575945953125e+12
8.344671378876985352e+12
8.319726986661292969e+12
8.294926954253431641e+12
8.271135143989500000e+12
8.247857398583975586e+12
8.221986803593391602e+12
8.198956659698561523e+12
8.174184730109670898e+12
8.150843496830420898e+12
8.126284024572807617e+12
8.101726125634057617e+12
8.078165548562722656e+12
8.054810120944997070e+12
8.030397389226488281e+12
8.006623906663601562e+12
7.982080340741788086e+12
7.958569683227786133e+12
7.935482293240696289e+12
7.911284896907221680e+12
7.887687071315570312e+12
7.864433069209884766e+12
7.840837221522249023e+12
7.817419462209554688e+12
7.793155192412359375e+12
7.770373904063228516e+12
7.747621656324772461e+12
7.723707389750024414e+12
7.700282044586120117e+12
7.677621105304817383e+12
7.654006195889015625e+12
7.630964759714615234e+12
7.608774903214603516e+12
7.584454959106957031e+12
7.561564481018826172e+12
7.538836630814974609e+12
7.516115416084949219e+12
7.493283247764434570e+12
7.470517060406727539e+12
7.447640112570500000e+12
7.425773007311249023e+12
7.402589898572026367e+12
7.379887892062763672e+12
7.357714237481483398e+12
7.334493820212498047e+12
7.312021776120738281e+12
7.290025837078372070e+12
7.267475915450798828e+12
7.245444231159858398e+12
7.222669007126492188e+12
7.200433571997808594e+12
7.179074298363474609e+12
7.156046469892944336e+12
7.134790854679783203e+12
7.111877248651708008e+12
7.090650408345700195e+12
7.069235528383977539e+12
